start=5340.251000
brightness=-1.000000
