start=180.120000
speed=2.357948
