start=1157.490000
volume=30.000000
